0.03599841149
0.02545700242
0.0207874195
0.01800404868
0.01610475636
0.01470288442
0.01361344922
0.0127353607
0.01200809338
0.01139290298
0.01086368501
0.009994938087
0.009632232021
0.00901175466
0.008497899235
0.008063273498
0.007521084364
0.007215279082
0.006701652437
0.006381524514
0.006018752753
0.005642403995
0.005329372092
0.005063714624
0.0047513852
0.004491159295
0.004241074723
0.00400492542
0.003764496909
0.003563536259
0.00336386931
0.003171506007
0.002989976756
0.002821010225
0.002665132446
0.002522124554
0.002381793876
0.002251859737
0.00212914704
0.002012199525
0.001905119831
0.001805693781
0.001711147996
0.00162299642
0.00154193527
0.001466361494
0.001396310738
0.00133183229
0.001272478208
0.001218521998
0.001169802266
0.001126317841
0.001088332837
0.001055395019
0.001027963521
0.001006060168
0.0009898660162
0.0009796567018
0.0009756468559
0.0009781274897
0.0009874254366
0.001003906429
0.001028002816
0.00106011115
0.001100763827
0.001150570801
0.001210216005
0.001280523366
0.001362330824
0.001456691691
0.001564961248
0.001688447605
0.001828834818
0.001988119163
0.002168317084
0.002371973677
0.002601871514
0.002861175399
0.003153652168
0.003483227563
0.003854647465
0.004273108394
0.004744477234
0.005275437559
0.005873562316
0.006547165422
0.007305964527
0.008160637919
0.009123192579
0.01020740598
