0.0007516034075
0.001246306753
0.001730679611
0.002170377029
0.002556312306
0.002885596908
0.003158859027
0.003379000949
0.003550429274
0.003678454361
0.003768784127
0.003858974521
0.003869304095
0.003842710604
0.003775984904
0.003688961244
0.003546576311
0.003453164588
0.003281519456
0.003168310494
0.003036487025
0.002895571064
0.002773368184
0.002665781494
0.002533497326
0.002420048261
0.00231014592
0.002202553119
0.002088049006
0.001991125022
0.00189735384
0.001804749054
0.001712988935
0.001628932967
0.00155448628
0.001484081526
0.001411338745
0.001345312857
0.001284861187
0.001227074729
0.001173012509
0.00112534655
0.001078624237
0.001031475672
0.0009889276557
0.0009528933565
0.000922406251
0.0008946778275
0.0008767233375
0.00086210255
0.0008447597935
0.0008255621015
0.0008068982069
0.0007859638808
0.0007628344099
0.0007414146979
0.0007244302381
0.0007109474135
0.0006988652142
0.0006913308784
0.0006870578215
0.0006830786375
0.0006787638007
0.0006741082192
0.0006665116173
0.0006567575519
0.0006501277364
0.0006487107199
0.0006625047095
0.0006931802604
0.0007402167575
0.0007978661923
0.0008639729303
0.0009429348345
0.001028512333
0.001118632005
0.001216309544
0.001331011829
0.001467452367
0.001617365856
0.001776875676
0.001946513788
0.002133986692
0.002346251033
0.002594185252
0.002901675736
0.003265528636
0.0036700821
0.004117239007
0.004565941568
