0.01884030572
0.03768061145
0.05652091717
0.0753612229
0.09420152862
0.1130418343
0.1318821401
0.1507224458
0.1695627515
0.1884030572
0.207243363
0.2449239744
0.2637642801
0.3014448916
0.339125503
0.3768061145
0.4333270317
0.4710076431
0.546368866
0.6028897832
0.6782510061
0.7724525347
0.8666540633
0.960855592
1.092737732
1.224619872
1.375342318
1.544905069
1.752148432
1.959391795
2.20431577
2.486920356
2.807205553
3.165171362
3.560817782
3.994144814
4.502833068
5.06804224
5.708612635
6.443384558
7.253517704
8.157852379
9.194069194
10.36216815
11.66214924
13.13169309
14.78963999
16.65483026
18.7649445
21.13882302
23.81414644
26.82859535
30.20101008
34.02559214
38.32118184
43.16314042
48.62682908
54.76876874
61.68316094
69.48304751
78.26262998
88.15379049
99.30725148
111.8548951
125.9851244
141.9051827
159.8411538
180.0568018
202.8158911
228.4387069
257.3208956
289.8392633
326.4648176
367.7439274
414.2229617
466.5801713
525.5503282
591.9624059
666.7961002
751.0687877
846.0050883
952.9426636
1073.388738
1209.05778
1361.89034
1534.015373
1727.919799
1946.335464
2192.333335
2469.436552
