0.00124019109
0.002059830622
0.002861536428
0.003588659304
0.004225493128
0.004767055642
0.00521443637
0.005572624569
0.005849237166
0.006053486051
0.006195282743
0.00633046667
0.006341751663
0.006289370691
0.006174976381
0.006030561905
0.005798141324
0.005646916009
0.005370770364
0.005188897233
0.004975303897
0.004744408036
0.004544111696
0.004366420332
0.004147157598
0.003957301126
0.003774020134
0.003600133403
0.003419696317
0.00326716782
0.003117839661
0.002973424616
0.002830755579
0.002694124271
0.002565235577
0.002448477436
0.002334969087
0.002227321559
0.002122338563
0.002019634295
0.001923730625
0.001830610551
0.001739754321
0.001655225227
0.001575744036
0.001502229228
0.001439721662
0.001379390096
0.001317884991
0.001263164144
0.001214628733
0.001169952742
0.001125762133
0.001093062707
0.001073961916
0.001066272007
0.001061246722
0.001059240164
0.001064220325
0.001066993483
0.001067149802
0.00106987874
0.001076872084
0.001085933948
0.001096504714
0.001114798621
0.001138678933
0.001171326037
0.0012132266
0.001269546195
0.001339771953
0.001420748753
0.001513488382
0.001624634665
0.001761696718
0.001925540551
0.002132101653
0.002382228866
0.002681298062
0.003025225137
0.00341487752
0.003849450393
0.004329737242
0.004870677418
0.005446124185
0.006062617129
0.006739895846
0.007474391848
0.008288426832
0.009242410926
