406.8091803
345.0210936
209.3148101
188.7905254
197.2379897
161.3510988
144.7784928
145.2067198
137.1310706
123.003991
119.8743389
110.2916675
105.7249408
101.3335531
95.21191578
89.47895044
84.16620634
80.76090882
74.93857397
71.2201178
67.1707029
62.9759812
59.22334468
56.48045965
52.98089509
50.00742538
47.09035252
44.54878464
41.84143303
39.56965122
37.24687336
34.92158045
32.72778853
30.7087879
28.89880732
27.20512396
25.56076273
24.08258543
22.72714342
21.5022778
20.44764632
19.43419047
18.43921368
17.53925668
16.70375278
15.87014321
15.10697147
14.42634059
13.76384662
13.07645082
12.43026433
11.79346602
11.05295318
10.316484
9.685488765
9.139553185
8.648425422
8.264807457
8.034587065
7.842257334
7.686817791
7.561131869
7.372874
7.205829757
7.05356136
6.921614012
6.778210852
6.649985349
6.617536963
6.617651851
6.662620611
6.711353192
6.789798355
6.96352065
7.214468879
7.558766855
8.009343838
8.594103253
9.391901133
10.35253793
11.39689797
12.45556006
13.68490379
15.21614016
17.01533844
19.11725085
21.59575242
24.44861204
27.62102362
30.85412957
