472.2401804
320.4170543
257.849666
221.6613259
197.378205
179.6462627
165.9689196
155.0054936
145.9634562
138.3404057
131.8004389
121.098164
116.6415539
109.0325797
102.7445722
97.43501281
90.82213618
87.09727226
80.84846374
76.95816228
72.5533894
67.98762962
64.1927219
60.97386209
57.19126885
54.04093289
51.01420702
48.15667362
45.24763664
42.81611811
40.39998281
38.07168628
35.87370528
33.82675975
31.93706499
30.2018642
28.49722475
26.91659812
25.42112972
23.99267229
22.68103227
21.45889613
20.2916683
19.19737587
18.18417388
17.23140868
16.33861934
15.50544189
14.7248638
13.99904723
13.32423528
12.69849548
12.12367158
11.59027276
11.10236611
10.65672647
10.25203951
9.888957589
9.566111963
9.282504366
9.0386025
8.83415196
8.669272539
8.544759314
8.461036845
8.418946256
8.419636359
8.464533787
8.555248494
8.693693444
8.882399517
9.123934775
9.421614124
9.779506835
10.20177653
10.69384448
11.26176655
11.91258974
12.65493384
13.49788555
14.4526873
15.53180908
16.74951452
18.12224214
19.66879282
21.40994233
23.37014928
25.57640221
28.0591631
30.85349753
