0.0008387558308
0.00140136389
0.001949545038
0.002445237043
0.002878419122
0.003246040821
0.003548998599
0.003790798485
0.003976696278
0.004113008125
0.004206520677
0.004292039394
0.004296467847
0.0042548284
0.004171955336
0.004069357106
0.003904785462
0.003796988769
0.003597985238
0.003465878394
0.003309546693
0.003138831719
0.002990554857
0.002861736517
0.002707861387
0.002576634147
0.002447326483
0.002323006622
0.002195408796
0.002089164276
0.001983964469
0.001882438915
0.001787122404
0.001700182281
0.001617704094
0.00153463999
0.001448862429
0.001365428406
0.001286122125
0.001208440828
0.001140489411
0.001083574173
0.001034766202
0.0009933420663
0.0009568634706
0.0009221109024
0.0008897945027
0.000859099636
0.000827958386
0.000799367588
0.0007693190567
0.0007393121874
0.0007084209457
0.0006745211341
0.0006414265594
0.0006167844305
0.0006035192868
0.0005979207116
0.0005976356562
0.0006017002421
0.0006088441989
0.000611135164
0.0006075573605
0.0006041259326
0.0006015431444
0.0006007105665
0.0005963005008
0.0005946315478
0.0005980273446
0.0006026085283
0.0006060213783
0.0006094423674
0.0006190256808
0.0006297876184
0.0006384187313
0.0006427572474
0.000648849455
0.0006546243648
0.000657029404
0.0006555211383
0.0006541096029
0.0006572643482
0.0006623153042
0.0006721222139
0.0007008130231
0.0007547989311
0.0008209058352
0.0008840458332
0.0009482407123
0.000992319026
