467.8038147
379.2532564
224.7215076
206.2099471
216.7523574
171.4322445
155.4906023
159.9851472
145.2102128
131.6593763
130.8133815
117.0535299
113.6087252
106.5657094
103.3625791
95.06779032
88.89860009
87.36276801
79.97238879
76.61218554
71.5347222
67.70979357
63.41924649
60.69891815
57.03121104
53.95133042
50.895979
48.29624232
45.5008697
43.23878735
40.93460904
38.68735808
36.47302225
34.36935851
32.38742238
30.54360582
28.77276366
27.12607372
25.60574752
24.15175901
22.87119876
21.64317562
20.47377387
19.43080482
18.47187928
17.52261092
16.60176749
15.68337907
14.83697006
14.10355668
13.41610888
12.82938252
12.3943191
12.03291283
11.63884108
11.17133573
10.71358652
10.20482375
9.62273878
9.099436156
8.68349597
8.370455747
8.156778206
8.04136526
8.014768277
8.011831063
8.057314024
8.153595207
8.366918143
8.695381953
9.112074016
9.557729673
10.07095526
10.6693659
11.23503039
11.67810951
12.03062834
12.40879387
12.70164971
12.84834115
13.17414017
13.7885755
14.91980329
16.64974961
18.83246402
21.26760848
24.07468121
27.06467858
29.96003129
32.6601218
