0.01946011791
0.01376621689
0.01124484046
0.009742449847
0.008717607273
0.007961422421
0.007373965789
0.006900631602
0.006508728102
0.006177329705
0.005892338465
0.005424733284
0.005229604438
0.004895961533
0.004619832834
0.004386432375
0.004095503248
0.003931548258
0.003656433443
0.003485157563
0.003291281827
0.003090435921
0.002923643879
0.00278231573
0.002616464586
0.002478578126
0.002346365647
0.002221837077
0.002095423714
0.001990099051
0.001885808005
0.001785721908
0.001691681641
0.001604563876
0.001524604025
0.001451642511
0.001380467799
0.001314987768
0.001253566676
0.001195455339
0.001142648673
0.001093990869
0.001048079417
0.001005601604
0.0009668230551
0.0009309027764
0.0008977819306
0.0008673984135
0.0008394476788
0.0008139567543
0.0007907398636
0.0007696790533
0.0007507828703
0.0007336950832
0.000718511189
0.0007051008881
0.0006934107619
0.0006834601927
0.0006752313568
0.0006687486347
0.0006641058531
0.0006614209739
0.0006608736256
0.0006627050825
0.0006672244963
0.0006748276182
0.0006859989235
0.0007013263259
0.0007214723515
0.0007472122304
0.0007794622431
0.0008191681852
0.0008674155504
0.0009254116689
0.000994367733
0.001075678605
0.001170817943
0.001281396799
0.00140926812
0.001556343634
0.001724892276
0.001917388525
0.002136618311
0.00238575498
0.002668400318
0.002988518323
0.003350752947
0.003760220912
0.004222688215
0.004744784244
