426.4809002
291.1913191
234.8752953
202.1556121
180.1429889
164.0417529
151.6073927
141.6314534
133.3981893
126.4531925
120.4922848
110.7325637
106.6666863
99.72255533
93.98190502
89.13314987
83.09251309
79.68919787
73.97862448
70.42269179
66.39587574
62.22121417
58.75087897
55.80698618
52.34713574
49.46529201
46.69626795
44.08180164
41.41997938
39.1949059
36.98372458
34.85273539
32.84081301
30.96692408
29.23676015
27.64779919
26.08652409
24.63848336
23.26804664
21.95851785
20.75550035
19.63389973
18.56186969
17.55584058
16.62320827
15.74483613
14.92012281
14.14854082
13.4233661
12.74634474
12.11368996
11.52326265
10.97648208
10.46391529
9.988995116
9.548124034
9.139458518
8.763123277
8.417187678
8.100008128
7.811553519
7.55103788
7.318126097
7.113559926
6.937731204
6.79178344
6.677613461
6.597825509
6.555954435
6.556289638
6.604167203
6.705846296
6.868564735
7.10059215
7.410614523
7.80831939
8.303871948
8.908088292
9.632999556
10.49083933
11.49578596
12.66318414
14.01024073
15.5565715
17.32452475
19.33880863
21.62851775
24.22585521
27.16725294
30.49474198
