1155.714939
632.1690797
454.7806465
364.3754064
309.0111513
271.3181794
243.8209082
222.7625879
206.0440878
192.3979436
181.0121061
163.0053481
155.7304357
143.6040414
133.8550329
125.8082593
116.0146408
110.6056768
101.6982525
96.25403466
90.17930603
83.97827575
78.89464655
74.63032471
69.67219205
65.58421448
61.69005517
58.04190922
54.35453755
51.29168295
48.26440892
45.36144585
42.63288965
40.10149089
37.77224616
35.63950516
33.54967521
31.616441
29.79137635
28.05188699
26.45825977
24.97704215
23.56649784
22.24889894
21.03457338
19.89953509
18.84439295
17.87008291
16.97009937
16.14891309
15.40443729
14.73699366
14.15091791
13.63930179
13.20902488
12.85976749
12.59307239
12.41129668
12.31489305
12.30439644
12.37996904
12.5410866
12.78701041
13.1157401
13.52584266
14.01588816
14.58440931
15.23049997
15.95261039
16.75033087
17.62482733
18.57581783
19.60487691
20.71452519
21.90603442
23.18276147
24.54786488
26.00503633
27.55938914
29.21478539
30.97707076
32.85179293
34.84500595
36.96352369
39.21478427
41.60595105
44.14591739
46.84323518
49.70700269
52.74764984
