0.02304032916
0.01629433965
0.01330623586
0.0115252452
0.01031002179
0.009413116137
0.00871614604
0.008154418744
0.007689201384
0.007295700149
0.006957210063
0.006401602928
0.00616965467
0.005772896763
0.005444354632
0.005166500835
0.004819930573
0.004624485809
0.004296272871
0.004091747457
0.003860021317
0.00361968056
0.003419827856
0.003250265427
0.003050974551
0.002884988677
0.002725530475
0.002575019232
0.002421852017
0.002293891981
0.002166821788
0.00204447063
0.00192908264
0.001821750689
0.001722799638
0.001632079067
0.001543116189
0.001460797147
0.00138309742
0.001309081451
0.001241327939
0.001178414744
0.001118562401
0.001062699153
0.00101123313
0.000963107533
0.000918296195
0.0008767745979
0.0008381869434
0.0008026322824
0.0007699151936
0.0007399297467
0.0007127464285
0.0006879003409
0.0006655650185
0.0006455708064
0.000627837428
0.0006123680356
0.0005990751545
0.000587889189
0.0005787983437
0.000571760715
0.000566749591
0.0005637582006
0.0005627683652
0.0005637764305
0.000566787387
0.0005718153836
0.0005788724715
0.0005879808164
0.000599184239
0.0006125098323
0.0006280080874
0.0006457452168
0.0006657670437
0.0006881523226
0.0007129767344
0.0007403250308
0.0007703091076
0.0008030172304
0.0008385765411
0.0008771092344
0.0009187483459
0.0009636435464
0.001011958849
0.00106385331
0.001119524478
0.001179163763
0.001242975557
0.001311195032
