1558.108705
1128.727696
267.0611023
283.4775225
495.7614639
253.6356697
167.2488894
283.4896927
241.0567403
143.5368249
180.340979
141.5101152
131.9799292
138.8097215
141.5075552
109.5622703
105.3568457
112.9830179
94.72470024
91.71853205
80.35446392
79.88994402
69.80249402
70.25862314
65.51670579
60.87991524
55.10942503
53.20977036
49.25705979
46.66427353
43.89529464
41.12200466
38.62814942
36.30808272
34.13667917
32.19241033
30.19509215
28.31408591
26.5887478
24.93858099
23.55917926
22.29677335
21.13607046
20.11536339
19.22337803
18.35725647
17.42957083
16.59962324
15.78798768
15.03088451
14.25437256
13.56180631
12.92399884
12.28614853
11.68608011
11.05767693
10.51024778
10.06388386
9.681049652
9.396224296
9.212477696
9.148083876
9.160269098
9.123076116
9.105872376
9.139070236
9.164003942
9.187140574
9.246567921
9.441909646
9.659452813
9.856877553
10.1369495
10.53845722
11.07298737
11.72998919
12.48502586
13.40682221
14.40654883
15.36811825
16.22453305
17.00362491
17.75864564
18.28129301
18.44869855
18.59207032
18.77286917
19.19583765
19.79969761
20.39413908
